+--------------+-------+
| [38;5;47;01mPULocationID[39;00m | [38;5;47;01mcount[39;00m |
|--------------+-------|
| 265          | 4     |
| 264          | 20    |
| 263          | 15    |
| 262          | 2     |
| 261          | 2     |
| 260          | 222   |
| 259          | 12    |
| 258          | 14    |
| 257          | 17    |
| 256          | 51    |
| 255          | 112   |
| 254          | 42    |
| 253          | 1     |
| 252          | 9     |
| 251          | 1     |
| 250          | 24    |
| 249          | 2     |
| 248          | 13    |
| 247          | 97    |
| 244          | 432   |
| 243          | 85    |
| 242          | 86    |
| 241          | 22    |
| 240          | 2     |
| 239          | 4     |
| 238          | 5     |
| 237          | 5     |
| 236          | 45    |
| 235          | 46    |
| 234          | 4     |
| 233          | 3     |
| 232          | 9     |
| 231          | 10    |
| 230          | 3     |
| 229          | 3     |
| 228          | 30    |
| 227          | 24    |
| 226          | 98    |
| 225          | 74    |
| 224          | 3     |
| 223          | 180   |
| 222          | 15    |
| 220          | 32    |
| 219          | 12    |
| 218          | 18    |
| 217          | 11    |
| 216          | 23    |
| 215          | 25    |
| 213          | 55    |
| 212          | 42    |
| 210          | 83    |
| 209          | 4     |
| 208          | 25    |
| 207          | 1     |
| 205          | 50    |
| 203          | 14    |
| 201          | 9     |
| 200          | 14    |
| 198          | 10    |
| 197          | 43    |
| 196          | 148   |
| 195          | 15    |
| 193          | 67    |
| 192          | 18    |
| 191          | 20    |
| 190          | 8     |
| 189          | 31    |
| 188          | 91    |
| 186          | 5     |
| 185          | 25    |
| 184          | 1     |
| 183          | 18    |
| 182          | 49    |
| 181          | 230   |
| 180          | 8     |
| 179          | 114   |
| 178          | 12    |
| 177          | 40    |
| 175          | 5     |
| 174          | 61    |
| 173          | 35    |
| 171          | 12    |
| 170          | 16    |
| 169          | 28    |
| 168          | 58    |
| 167          | 33    |
| 166          | 724   |
| 165          | 44    |
| 164          | 2     |
| 163          | 4     |
| 162          | 2     |
| 161          | 2     |
| 160          | 15    |
| 159          | 48    |
| 158          | 1     |
| 157          | 14    |
| 156          | 1     |
| 155          | 39    |
| 153          | 5     |
| 152          | 102   |
| 151          | 6     |
| 150          | 19    |
| 149          | 22    |
| 148          | 1     |
| 147          | 20    |
| 146          | 73    |
| 145          | 108   |
| 143          | 3     |
| 142          | 3     |
| 141          | 8     |
| 140          | 12    |
| 139          | 24    |
| 138          | 1     |
| 137          | 15    |
| 136          | 37    |
| 135          | 33    |
| 134          | 169   |
| 133          | 23    |
| 132          | 3     |
| 131          | 30    |
| 130          | 257   |
| 129          | 304   |
| 128          | 3     |
| 127          | 38    |
| 126          | 21    |
| 125          | 1     |
| 124          | 6     |
| 123          | 35    |
| 122          | 24    |
| 121          | 32    |
| 119          | 34    |
| 117          | 19    |
| 116          | 217   |
| 115          | 5     |
| 113          | 1     |
| 112          | 53    |
| 108          | 22    |
| 107          | 4     |
| 106          | 26    |
| 102          | 13    |
| 101          | 9     |
| 100          | 2     |
| 98           | 6     |
| 97           | 396   |
| 96           | 3     |
| 95           | 519   |
| 94           | 17    |
| 93           | 7     |
| 92           | 135   |
| 91           | 55    |
| 90           | 2     |
| 89           | 81    |
| 88           | 4     |
| 87           | 4     |
| 86           | 17    |
| 85           | 22    |
| 83           | 69    |
| 82           | 584   |
| 81           | 34    |
| 80           | 54    |
| 79           | 2     |
| 78           | 39    |
| 77           | 35    |
| 76           | 109   |
| 75           | 1101  |
| 74           | 1207  |
| 73           | 10    |
| 72           | 56    |
| 71           | 42    |
| 70           | 15    |
| 69           | 68    |
| 68           | 5     |
| 67           | 6     |
| 66           | 298   |
| 65           | 341   |
| 64           | 5     |
| 63           | 18    |
| 62           | 48    |
| 61           | 156   |
| 60           | 10    |
| 59           | 1     |
| 58           | 3     |
| 57           | 4     |
| 56           | 47    |
| 55           | 71    |
| 54           | 5     |
| 53           | 7     |
| 52           | 143   |
| 51           | 73    |
| 50           | 2     |
| 49           | 118   |
| 48           | 5     |
| 47           | 27    |
| 45           | 10    |
| 43           | 184   |
| 42           | 484   |
| 41           | 687   |
| 40           | 68    |
| 39           | 79    |
| 38           | 13    |
| 37           | 46    |
| 36           | 21    |
| 35           | 60    |
| 34           | 5     |
| 33           | 429   |
| 32           | 18    |
| 31           | 6     |
| 30           | 1     |
| 29           | 27    |
| 28           | 28    |
| 26           | 39    |
| 25           | 279   |
| 24           | 63    |
| 23           | 1     |
| 22           | 26    |
| 21           | 27    |
| 20           | 20    |
| 19           | 9     |
| 18           | 32    |
| 17           | 108   |
| 16           | 20    |
| 15           | 8     |
| 14           | 51    |
| 13           | 1     |
| 11           | 12    |
| 10           | 14    |
| 9            | 20    |
| 7            | 561   |
| 6            | 1     |
| 4            | 1     |
| 3            | 15    |
| 2            | 1     |
+--------------+-------+
SELECT 232
